26 -1 96 -1 2 -1 18 -1 46 -1 36 -1 75 -1 6 -1 52 -1 53 -1 -2
71 -1 110 -1 30 -1 75 -1 135 -1 41 -1 81 -1 23 -1 49 -1 39 -1 -2
51 -1 14 -1 26 -1 9 -1 11 -1 13 -1 54 -1 80 -1 28 -1 119 -1 -2
40 -1 85 -1 27 -1 45 -1 15 -1 135 -1 61 -1 10 -1 39 -1 7 -1 -2
14 -1 63 -1 88 -1 83 -1 110 -1 11 -1 27 -1 8 -1 99 -1 35 -1 76 -1 -2
14 -1 35 -1 105 -1 64 -1 27 -1 102 -1 52 -1 99 -1 63 -1 53 -1 13 -1 -2
40 -1 39 -1 58 -1 97 -1 7 -1 41 -1 17 -1 20 -1 22 -1 1 -1 6 -1 -2
85 -1 14 -1 79 -1 37 -1 35 -1 36 -1 135 -1 104 -1 53 -1 8 -1 -2
14 -1 27 -1 87 -1 39 -1 25 -1 84 -1 29 -1 136 -1 18 -1 61 -1 -2
14 -1 53 -1 63 -1 50 -1 27 -1 35 -1 88 -1 104 -1 111 -1 44 -1 6 -1 -2
84 -1 20 -1 64 -1 75 -1 42 -1 11 -1 94 -1 1 -1 56 -1 25 -1 7 -1 -2
67 -1 14 -1 105 -1 44 -1 69 -1 26 -1 71 -1 42 -1 37 -1 106 -1 29 -1 -2
75 -1 14 -1 84 -1 87 -1 71 -1 64 -1 96 -1 85 -1 82 -1 42 -1 44 -1 -2
53 -1 14 -1 136 -1 27 -1 79 -1 59 -1 135 -1 81 -1 7 -1 11 -1 46 -1 -2
75 -1 57 -1 45 -1 27 -1 33 -1 52 -1 1 -1 14 -1 59 -1 102 -1 -2
30 -1 2 -1 22 -1 14 -1 34 -1 99 -1 70 -1 84 -1 74 -1 80 -1 -2
7 -1 14 -1 126 -1 68 -1 53 -1 11 -1 84 -1 137 -1 13 -1 76 -1 -2
14 -1 128 -1 20 -1 30 -1 106 -1 70 -1 22 -1 42 -1 1 -1 -2
14 -1 74 -1 22 -1 75 -1 30 -1 71 -1 26 -1 114 -1 67 -1 95 -1 54 -1 -2
14 -1 3 -1 84 -1 121 -1 23 -1 104 -1 102 -1 52 -1 74 -1 46 -1 44 -1 -2
105 -1 14 -1 50 -1 64 -1 131 -1 2 -1 73 -1 36 -1 84 -1 104 -1 8 -1 59 -1 -2
14 -1 129 -1 85 -1 30 -1 20 -1 84 -1 6 -1 22 -1 44 -1 1 -1 -2
75 -1 101 -1 26 -1 65 -1 47 -1 17 -1 45 -1 36 -1 93 -1 69 -1 -2
136 -1 111 -1 75 -1 27 -1 102 -1 29 -1 35 -1 104 -1 70 -1 43 -1 -2
87 -1 14 -1 86 -1 97 -1 37 -1 39 -1 104 -1 18 -1 42 -1 136 -1 10 -1 13 -1 -2
14 -1 83 -1 52 -1 30 -1 85 -1 11 -1 25 -1 86 -1 35 -1 44 -1 -2
86 -1 90 -1 84 -1 11 -1 1 -1 62 -1 28 -1 60 -1 54 -1 100 -1 -2
84 -1 51 -1 14 -1 21 -1 9 -1 98 -1 30 -1 12 -1 39 -1 44 -1 -2
14 -1 74 -1 30 -1 29 -1 121 -1 36 -1 25 -1 21 -1 86 -1 8 -1 28 -1 -2
101 -1 37 -1 51 -1 36 -1 87 -1 8 -1 2 -1 76 -1 42 -1 21 -1 -2
27 -1 53 -1 85 -1 20 -1 2 -1 5 -1 26 -1 8 -1 46 -1 137 -1 17 -1 -2
40 -1 27 -1 135 -1 75 -1 2 -1 18 -1 26 -1 12 -1 52 -1 34 -1 -2
9 -1 30 -1 27 -1 53 -1 13 -1 94 -1 97 -1 65 -1 8 -1 106 -1 -2
111 -1 71 -1 83 -1 23 -1 33 -1 16 -1 109 -1 11 -1 25 -1 72 -1 -2
42 -1 53 -1 16 -1 2 -1 26 -1 67 -1 20 -1 31 -1 18 -1 52 -1 30 -1 -2
86 -1 68 -1 60 -1 1 -1 30 -1 42 -1 88 -1 14 -1 39 -1 47 -1 -2
40 -1 64 -1 36 -1 75 -1 6 -1 104 -1 1 -1 108 -1 17 -1 5 -1 -2
40 -1 119 -1 2 -1 114 -1 9 -1 108 -1 27 -1 35 -1 129 -1 54 -1 67 -1 -2
112 -1 63 -1 14 -1 84 -1 34 -1 98 -1 52 -1 25 -1 54 -1 74 -1 70 -1 -2
20 -1 26 -1 121 -1 22 -1 7 -1 93 -1 40 -1 18 -1 126 -1 13 -1 -2
35 -1 39 -1 123 -1 51 -1 131 -1 112 -1 12 -1 44 -1 36 -1 104 -1 -2
135 -1 64 -1 76 -1 51 -1 26 -1 74 -1 70 -1 61 -1 12 -1 96 -1 -2
14 -1 35 -1 21 -1 53 -1 136 -1 97 -1 105 -1 111 -1 1 -1 74 -1 -2
53 -1 51 -1 119 -1 27 -1 110 -1 2 -1 42 -1 6 -1 135 -1 126 -1 -2
14 -1 27 -1 85 -1 135 -1 75 -1 138 -1 10 -1 77 -1 50 -1 13 -1 26 -1 93 -1 -2
89 -1 5 -1 106 -1 138 -1 126 -1 36 -1 85 -1 18 -1 11 -1 65 -1 -2
